Quals 1
7540	4153	6672	7271	9407	9081	39	2
Quals 2
9492	9105	7503	7321	3310	2687	33	70
Quals 3
3005	8512	9156	4251	7492	5908	61	11
Quals 4
9088	9080	2582	8088	2689	7534	43	51
Quals 5
9752	5411	4206	4295	418	2468	61	38
Quals 6
7506	9407	8512	9081	3310	9156	11	56
Quals 7
6672	7271	4251	2689	7503	5908	24	64
Quals 8
5411	9105	9080	7534	3005	4206	42	61
Quals 9
9088	8088	4295	7492	9752	2687	52	88
Quals 10
2468	4153	7506	7321	7540	418	78	17
Quals 11
9081	2582	3005	7271	9080	9492	75	7
Quals 12
3310	5908	9752	2687	4206	6672	72	65
Quals 13
8512	418	8088	9105	9156	4295	58	25
Quals 14
7492	2468	2689	4153	7321	9407	114	3
Quals 15
2582	4251	7534	7540	5411	7503	32	73
Quals 16
2687	9492	9088	7506	9080	3310	49	45
Quals 17
9407	6672	7492	418	2689	3005	7	76
Quals 18
9156	9752	7540	4153	4295	5411	43	37
Quals 19
8088	4206	7506	7503	4251	8512	63	19
Quals 20
9088	7271	7534	5908	2468	9105	25	78
Quals 21
9081	9492	4295	6672	2582	7321	31	55
Quals 22
4251	9156	7540	9080	8512	7492	9	28
Quals 23
5411	5908	418	3005	8088	3310	44	111
Quals 24
7321	7503	4206	2687	7534	4153	42	35
Quals 25
9407	2468	9088	2582	7506	9492	81	24
Quals 26
9105	2689	7271	9081	9752	4251	32	38
Quals 27
4295	7540	3310	418	7503	9080	58	29
Quals 28
9492	7321	3005	9156	7534	9407	53	18
Quals 29
5908	2687	7271	2582	2468	5411	48	60
Quals 30
7492	9081	8512	9105	8088	9752	34	74
Quals 31
2689	4206	4153	6672	7506	9088	35	64
Quals 32
9080	9156	7321	7271	3005	2468	18	116
Quals 33
7492	2687	9105	4251	9081	5411	65	22
Quals 34
8088	4153	2582	4206	8512	7540	53	48
Quals 35
7534	3310	418	9752	2689	6672	32	76
Quals 36
4295	7503	7506	9492	9088	9407	45	43
Quals 37
5908	9081	7321	9080	7540	8088	10	65
Quals 38
2468	7534	9752	418	9156	2582	87	43
Quals 39
2689	9407	2687	4206	7492	4295	56	3
Quals 40
7503	3310	4153	8512	5411	7271	58	21
Quals 41
9492	5908	6672	4251	9105	7506	39	27
Quals 42
3005	4295	2687	9088	9081	7540	47	34
Quals 43
7503	7492	8088	4153	7271	9752	35	66
Quals 44
2468	4206	9156	6672	9492	5411	52	86
Quals 45
2689	7321	4251	3310	2582	9105	16	89
Quals 46
9407	418	9080	8512	9088	5908	40	19
Quals 47
7506	7534	9081	4153	3005	7492	22	79
Quals 48
7540	7271	8088	3310	9492	2468	49	76
Quals 49
9080	4251	2689	4206	418	9088	29	50
Quals 50
3005	9407	7503	2687	5411	9156	64	46
Quals 51
7534	6672	9105	9752	7506	7321	56	49
Quals 52
4206	5908	2582	8512	4295	2689	47	24
Quals 53
5411	9088	3310	9156	7492	7271	51	25
Quals 54
9752	9080	9492	418	4251	4153	61	58
Quals 55
7321	8512	7534	7506	2687	5908	13	57
Quals 56
7540	9105	3005	7503	6672	2468	67	94
Quals 57
4295	2582	9081	9407	8088	4206	38	52
Quals 58
5411	7321	7492	3310	9088	4251	8	62
Quals 59
9156	4153	9492	7534	7540	2689	55	31
Quals 60
2468	2687	8512	8088	6672	9081	94	67
Quals 61
7271	7506	418	9105	4295	9407	33	22
Quals 62
2582	9752	7503	5908	3005	9080	73	58
