Quals 1
4641	1745	3561	118	9478	9105	35	74
Quals 2
7312	4639	5892	2881	9136	5411	84	58
Quals 3
418	5829	7616	2158	1477	8598	59	67
Quals 4
9128	5103	6672	231	8019	8732	98	59
Quals 5
3005	2583	2582	9407	9140	7503	115	30
Quals 6
3676	6377	8576	3735	5503	3035	67	60
Quals 7
9492	6357	2468	9752	8370	8573	46	90
Quals 8
8507	7616	9105	4639	5829	2881	46	76
Quals 9
7312	5411	5103	2158	418	9128	65	79
Quals 10
3005	118	1477	9136	8598	4641	116	56
Quals 11
8019	6672	2583	9478	2582	5892	33	75
Quals 12
3735	9492	8370	1745	5503	9407	44	50
Quals 13
6377	231	9752	7503	8507	3676	100	59
Quals 14
9140	8573	2468	3561	8732	8576	70	51
Quals 15
5411	6357	2158	4641	3035	7616	49	51
Quals 16
8019	2582	2881	3005	9105	418	86	89
Quals 17
9128	5829	3735	8370	7312	2583	78	68
Quals 18
231	9407	118	6672	9752	4639	72	79
Quals 19
9478	8576	1745	8507	2468	8598	60	58
Quals 20
5103	3035	6377	1477	9492	9136	50	93
Quals 21
5892	7503	5503	8732	9140	6357	57	58
Quals 22
3561	8573	2582	3676	5411	2583	77	84
Quals 23
418	7312	8019	9752	4641	9407	64	61
Quals 24
3735	9105	2158	118	2468	8370	69	116
Quals 25
6672	9492	231	8576	7616	8598	69	46
Quals 26
9136	8507	5103	5503	9140	5829	34	86
Quals 27
9128	1477	6377	9478	7503	6357	118	64
Quals 28
1745	8732	3005	3561	4639	3676	83	85
Quals 29
3035	5892	2158	2881	8573	9105	42	74
Quals 30
2468	3735	6672	4641	5411	231	127	62
Quals 31
8598	5503	5103	2583	9752	118	40	101
Quals 32
9407	1477	9478	7312	9128	9140	65	101
Quals 33
3676	1745	9136	8019	8370	7616	97	41
Quals 34
8732	2582	5829	8573	6377	3005	64	69
Quals 35
7503	4639	8576	418	8507	5892	60	76
Quals 36
6357	2881	9752	9492	3561	3035	72	92
Quals 37
1477	231	9140	9105	5503	5411	98	79
Quals 38
8598	6672	1745	5103	2158	9407	48	27
Quals 39
7616	7312	8732	8370	6377	2582	76	92
Quals 40
8573	5892	118	4639	3005	2468	77	139
Quals 41
2881	3676	9478	5829	4641	7503	92	57
Quals 42
9492	8019	8507	3561	6357	2583	33	71
Quals 43
3035	9128	8576	9136	418	3735	92	104
Quals 44
5411	6377	9140	7616	1745	9752	73	97
Quals 45
3005	7312	8598	5892	2468	231	94	57
Quals 46
8370	4641	5503	2582	5103	7503	48	59
Quals 47
4639	2583	9492	2158	9478	8019	62	56
Quals 48
8507	3561	9128	2881	3035	6672	83	82
Quals 49
8576	418	8573	9105	8732	1477	58	79
Quals 50
9136	6357	118	9407	3676	5829	96	61
Quals 51
4641	3735	2582	1745	5892	6377	62	67
Quals 52
7616	2158	3005	9752	9478	5503	88	78
Quals 53
9140	8598	3561	231	2881	7312	50	87
Quals 54
9105	8576	2468	2583	1477	5103	99	61
Quals 55
6357	9407	8370	8507	5411	4639	41	53
Quals 56
3035	418	8732	8019	3735	3676	44	51
Quals 57
7503	6672	9136	8573	5829	9492	89	57
Quals 58
118	2881	7616	5892	9128	9752	120	97
Quals 59
6377	3561	2158	5103	9105	1745	67	71
Quals 60
8598	9407	4639	8576	2582	1477	46	108
Quals 61
8732	3735	5411	6357	8507	3005	80	86
Quals 62
9478	8573	4641	231	8370	9136	52	82
Quals 63
118	9140	418	7503	9492	7312	85	57
Quals 64
9128	3676	5503	5829	2468	8019	119	71
Quals 65
2583	3035	9105	6672	7616	9407	53	82
Quals 66
2582	9752	8507	1477	5892	3561	78	75
Quals 67
8573	9136	4639	3735	5103	2881	59	43
Quals 68
2158	7503	1745	8576	231	6357	52	63
Quals 69
2468	4641	7312	9492	8732	9128	105	88
Quals 70
5411	118	5829	2583	9478	418	112	69
Quals 71
8370	3676	3035	6672	3005	9140	58	145
Quals 72
5503	8019	8573	6377	8598	2881	34	83
Quals 73
7616	7503	1477	5103	3561	3735	84	44
Quals 74
9105	9752	9492	2582	9136	9128	72	106
Quals 75
5829	2583	5892	418	1745	231	69	74
Quals 76
3676	3005	4641	9140	2158	8507	140	48
Quals 77
5503	4639	6357	7312	8576	6672	59	108
Quals 78
8732	8370	9478	8598	118	3035	53	69
Quals 79
2468	9407	5411	6377	8019	7503	90	60
Quals 80
1477	2881	418	1745	2583	8573	76	87
Quals 81
9140	5103	9492	5892	3005	3735	60	98
Quals 82
5503	7616	3561	4639	9128	4641	75	104
Quals 83
3035	231	8507	2582	118	7312	53	108
Quals 84
5411	8598	9478	6357	9105	3676	57	71
Quals 85
9752	8576	8019	5829	6672	8370	66	92
Quals 86
9407	9136	6377	2468	2158	8732	53	50
Quals 1
5572	6768	8177	4206	2848	9054	30	101
Quals 2
9512	5414	9181	4063	7691	624	53	68
Quals 3
8874	9786	2714	9121	8858	8749	45	45
Quals 4
5427	3679	2687	2882	6488	6645	76	49
Quals 5
9080	6369	1296	148	324	4153	58	65
Quals 6
9088	4192	3847	7121	8528	2689	95	54
Quals 7
6800	5431	9418	7115	8088	3310	98	57
Quals 8
624	8858	4206	5212	2714	8749	88	68
Quals 9
6488	4063	2848	8177	9512	2687	77	59
Quals 10
7691	4153	6645	324	5572	9121	48	70
Quals 11
9786	9054	1296	9080	3679	4192	56	79
Quals 12
5431	6768	3310	8528	8088	9181	85	61
Quals 13
6369	5427	7121	2689	5414	7115	100	63
Quals 14
2882	9088	148	6800	5212	8874	32	61
Quals 15
9418	7691	2848	3847	8749	6488	49	72
Quals 16
8858	4153	9054	6645	9512	4192	25	58
Quals 17
1296	624	324	5431	2687	4206	81	66
Quals 18
5572	3310	2689	8177	7115	9786	92	22
Quals 19
5414	9080	7121	5212	2882	9121	64	42
Quals 20
8528	6369	2714	4063	5427	9418	69	98
Quals 21
3847	148	9181	8088	9088	3679	108	44
Quals 22
6768	6645	6800	8874	4192	5431	75	47
Quals 23
8858	6488	9512	2687	4153	2689	41	48
Quals 24
7115	7691	5212	3310	8177	1296	37	72
Quals 25
8528	2882	9786	5572	8749	624	39	69
Quals 26
2848	9121	6369	9088	9181	2714	55	47
Quals 27
8088	4206	9418	5414	3679	8874	90	75
Quals 28
3847	9080	6800	9054	6768	4063	64	59
Quals 29
324	7121	9512	5427	148	7115	70	43
Quals 30
2687	2882	8858	3310	8528	7691	72	83
Quals 31
5572	6645	5431	6488	2714	8177	89	50
Quals 32
3679	2848	4153	8088	5414	6369	65	79
Quals 33
9786	4206	9181	9080	9088	8874	50	54
Quals 34
324	2689	3847	6768	624	9418	96	84
Quals 35
1296	5212	5427	4063	4192	6800	49	86
Quals 36
8749	9054	3310	7121	148	9121	56	102
Quals 37
7691	8858	5431	2882	6369	3679	73	41
Quals 38
2848	8874	8528	4153	7115	4206	65	74
Quals 39
9080	2689	9512	2714	3847	5572	51	112
Quals 40
6645	1296	8088	324	9181	5212	87	41
Quals 41
148	6800	5414	9121	6768	6488	102	35
Quals 42
4063	7121	2687	9786	4192	8749	77	9
Quals 43
9088	624	5427	9418	8177	9054	68	49
Quals 44
7691	5572	8874	3310	2714	2882	56	45
Quals 45
6369	4206	5212	9512	5431	2848	98	64
Quals 46
5414	9121	8528	9181	2689	1296	62	70
Quals 47
6768	7115	324	8858	4063	3679	58	70
Quals 48
4192	8177	8088	8749	9418	9080	94	88
Quals 49
9054	5427	3847	4153	9786	6800	113	55
Quals 50
624	6488	148	6645	7121	9088	91	49
Quals 51
2687	5212	5414	6369	9181	5572	44	70
Quals 52
8874	9121	9512	8528	5431	324	48	66
Quals 53
4206	9080	4063	9418	3310	8858	80	79
Quals 54
2689	3679	8749	5427	6800	8177	65	80
Quals 55
4192	148	7691	6645	2848	9786	93	48
Quals 56
6488	9054	7115	624	8088	2882	36	82
Quals 57
7121	2714	6768	1296	2687	3847	56	88
Quals 58
5431	9088	9121	4153	4063	5572	70	74
Quals 59
6800	8528	8858	5414	324	8177	86	71
Quals 60
4206	5427	6645	7691	9786	9080	82	44
Quals 61
3679	3310	6488	4192	6369	624	54	85
Quals 62
2689	5212	8088	9054	2687	2714	74	48
Quals 63
4153	9512	6768	9181	8749	7121	47	64
Quals 64
9418	8874	2882	2848	1296	9088	48	78
Quals 65
3847	7115	8528	148	6645	9080	73	69
Quals 66
9121	4206	3310	5427	6488	324	103	87
Quals 67
6369	9786	4063	6800	9054	8088	73	82
Quals 68
2714	4153	5431	3679	7121	7691	67	46
Quals 69
8177	8749	9088	6768	1296	5414	70	71
Quals 70
2687	8874	7115	624	3847	5212	36	110
Quals 71
4192	5572	2882	9512	9418	148	68	71
Quals 72
2848	9181	9080	8858	2689	5427	42	82
Quals 73
7121	8088	4153	4206	6800	7691	70	92
Quals 74
8749	8528	6768	9054	6645	6369	38	94
Quals 75
3679	5431	624	9121	2687	9786	78	27
Quals 76
2714	5414	4192	7115	9512	9088	81	26
Quals 77
3310	324	4063	2689	2882	2848	135	45
Quals 78
6488	1296	5572	8874	3847	8858	81	102
Quals 79
5212	8177	148	9181	9418	4153	82	67
Quals 80
8749	7691	2687	5431	9080	9054	38	84
Quals 81
7115	6800	3679	9512	624	8528	72	60
Quals 82
2714	324	6645	9088	3310	5414	78	78
Quals 83
8088	5572	5427	1296	8858	7121	66	53
Quals 84
9786	9418	6488	5212	2848	6768	73	48
Quals 85
9181	9121	4192	2882	3847	4206	60	119
Quals 86
8177	4063	2689	148	8874	6369	48	85
