Quals 1
8817	424	1807	2122	4561	3928	89	69
Quals 2
1923	5414	2826	1296	461	2638	79	81
Quals 3
5114	3018	1540	9450	6002	3467	65	89
Quals 4
5851	829	670	2714	9692	539	93	61
Quals 5
2337	5951	971	9312	9404	5822	96	63
Quals 6
2486	3604	7558	3322	1023	3572	92	92
Quals 7
245	6081	3005	987	4096	343	119	84
Quals 8
2056	2637	4143	6806	6147	9586	88	52
Quals 9
1241	876	324	9478	1577	862	94	61
Quals 10
5112	3683	7762	5285	1676	176	85	99
Quals 11
3990	548	4122	2468	4655	5484	79	66
Quals 12
9408	868	1153	1285	177	3464	111	81
Quals 13
8817	5114	9462	1732	4907	829	59	128
Quals 14
9450	2337	2638	7558	3928	2714	63	78
Quals 15
343	5851	971	4561	1296	6002	121	101
Quals 16
5822	4143	3005	2826	670	3018	118	85
Quals 17
862	1923	3604	424	245	2637	129	72
Quals 18
2056	2486	5285	9692	9312	876	127	86
Quals 19
539	5484	9586	987	1023	2468	61	151
Quals 20
3572	9404	3467	1153	324	6081	116	75
Quals 21
3322	548	9478	177	1676	2122	63	100
Quals 22
3464	1732	1241	6147	5951	3683	62	135
Quals 23
5112	4096	9408	461	9462	3990	76	86
Quals 24
4122	6806	4907	1285	176	5414	79	90
Quals 25
7762	4655	1577	1807	868	1540	108	115
Quals 26
670	4143	5114	2486	424	4561	112	64
Quals 27
3928	862	829	987	2056	971	73	116
Quals 28
2638	1153	2637	539	9312	8817	89	79
Quals 29
5285	343	177	5822	9450	1923	107	80
Quals 30
2714	1732	6002	1241	3322	1676	105	114
Quals 31
9478	4096	3018	3604	5484	9404	50	97
Quals 32
6081	3572	4907	3990	5851	3464	88	71
Quals 33
2122	1577	176	9408	1296	6147	150	110
Quals 34
7762	6806	9462	1023	4655	2337	73	93
Quals 35
1285	2468	7558	461	3683	3005	135	137
Quals 36
1540	4122	5951	324	548	2826	117	69
Quals 37
5112	876	5414	9586	245	868	91	76
Quals 38
1807	3467	987	9692	3322	1732	129	101
Quals 39
1241	1153	3018	2638	2486	4096	86	64
Quals 40
5114	539	9450	2056	3990	3604	81	97
Quals 41
9312	2714	9478	9408	6081	424	88	92
Quals 42
1023	4143	177	1577	5285	6002	134	102
Quals 43
176	829	461	4655	5822	3572	120	89
Quals 44
4122	1285	670	6147	2637	343	91	62
Quals 45
3683	2826	3928	6806	245	548	90	60
Quals 46
5414	1540	3467	2468	862	4561	129	87
Quals 47
5112	5951	5484	5851	7762	1923	74	100
Quals 48
3464	9692	2122	876	9462	9404	76	73
Quals 49
1676	2337	8817	868	971	3005	67	151
Quals 50
7558	1807	324	4907	1296	9586	115	54
Quals 51
829	4143	987	3990	1241	9478	133	92
Quals 52
2486	5822	1732	424	1577	4122	88	105
Quals 53
6806	2638	5285	3572	5114	9408	55	149
Quals 54
2637	2714	6081	3018	3683	1023	86	117
Quals 55
3928	6002	1285	539	7762	5414	99	72
Quals 56
4561	9450	461	1153	548	5951	76	112
Quals 57
876	2826	1676	9404	8817	343	113	42
Quals 58
9462	2122	245	1540	5484	7558	53	58
Quals 59
176	2468	9312	868	324	5851	103	80
Quals 60
971	3604	4655	3464	5112	3467	107	101
Quals 61
2337	2056	1296	4096	670	3322	109	88
Quals 62
177	1923	6147	9692	3005	4907	111	118
Quals 63
9586	1807	5822	862	6002	2638	109	87
Quals 64
5285	2637	3990	5951	5414	1732	54	121
Quals 65
5114	1023	3928	4122	9478	1676	120	104
Quals 66
829	343	4561	7558	7762	9404	94	56
Quals 67
548	868	5484	4143	1241	424	116	76
Quals 68
8817	461	3464	3018	2486	324	80	81
Quals 69
987	5112	1296	2056	1285	3572	132	119
Quals 70
1153	9462	670	1577	1923	2468	81	128
Quals 71
245	6147	5851	3467	177	3322	99	133
Quals 72
3683	9408	9586	1540	9692	2337	106	104
Quals 73
2714	4907	971	3604	6806	4096	100	64
Quals 74
2122	862	9312	539	3005	4655	138	111
Quals 75
176	2826	9450	1807	6081	876	83	140
Quals 76
548	3464	5822	5414	5114	9478	85	65
Quals 77
6002	9404	2056	2637	868	461	110	85
Quals 78
5951	2468	9462	4143	343	3572	117	107
Quals 79
424	2638	324	1676	7762	3990	77	128
Quals 80
1241	9586	9692	4122	4561	245	71	116
Quals 81
1577	829	4096	3467	5285	1285	93	106
Quals 82
2122	4907	4655	2486	987	2714	101	100
Quals 83
862	6147	2826	2337	1153	5112	97	72
Quals 84
1732	6081	539	1923	1540	6806	90	81
Quals 85
670	9312	3683	5484	3928	3322	134	81
Quals 86
3604	3005	1023	5851	1807	9408	132	110
Quals 87
971	7558	177	176	3018	876	93	86
Quals 88
1296	9478	2468	9450	8817	9692	70	72
Quals 89
9404	1285	461	424	9586	5285	78	75
Quals 90
4561	987	868	9462	5822	2637	109	28
Quals 91
7762	3572	862	2826	2714	5114	115	94
Quals 92
6002	1923	2337	829	4122	3464	114	92
Quals 93
1676	5414	2486	6147	5484	6081	96	121
Quals 94
1807	343	1241	6806	3990	9312	106	62
Quals 95
3322	539	1577	4907	3018	5112	92	91
Quals 96
548	5851	1540	4096	876	7558	136	91
Quals 97
1732	176	3928	4143	3604	1153	123	141
Quals 98
1023	3467	2638	3005	2122	2056	93	151
Quals 99
324	971	245	670	9408	9450	75	82
Quals 100
1296	8817	3683	4655	177	5951	79	115
Quals 101
6002	9478	424	3572	2337	6147	103	126